1620983805398494 1 Ego-trailer 1 -4.46374063828 2.0648970867802 0.9669172922402 12.203741219179 3.1898089335689 1.8215070425533 -0.40479139006117
1620983805398494 2 Ego-head 1 1.9967638892935 -0.11008342064585 1.5804753163211 5.8239120456128 3.40709924499 3.1593444861157 -0.057000294649786
1620983805398494 3 Car 0 33.567311326284 -21.011774710858 0.86943971158266 4.6658062550952 2.0980758527233 1.5294586216632 -0.8227456216116
1620983805398494 4 Car 0 39.70447229177 -22.611366977912 0.91343771068634 4.6719302352377 2.1384402432184 1.5060529015991 -0.7999037643367
1620983805398494 5 Truck-traile 1 53.371605102319 -10.139053518074 1.1614887287231 13.022534603847 3.1954128769892 1.7771247613927 -0.75084917926469
1620983805398494 6 Truck-head 1 58.638311384763 -15.081133958462 2.0103228057923 6.1381084353034 3.1427725334456 3.4973733393175 -0.76103953323151
1620983805398494 7 Truck-traile 1 79.997447828 39.50454558917 0.86382104637949 12.732905133543 3.2648775147974 2.1467632853772 0.82828828740734
1620983805398494 8 Truck-head 1 84.227987088017 44.08643879482 1.4331444765218 6.5491530063615 3.5161237882713 3.2797202011178 0.6347390971119
1620983805398494 9 Truck-traile 1 68.688026846121 44.719275434088 1.1303095346179 12.064664297572 3.6363235819019 2.0530977337892 0.80419081561979
1620983805398494 10 Truck-traile 0 4.9827569640001 -41.177631735912 1.2229892532977 12.218818968379 3.1591997626229 1.8787552586276 0.8378400651891
1620983805398494 11 Truck-head 0 10.569035303618 -34.762597389664 2.1196974137844 6.6637651056945 3.0801415783873 3.6183686998544 0.82434862274377
1620983805398494 12 Truck-traile 1 2.1548593981821 -38.113197001695 1.1190123313346 12.976038082353 2.9750746964355 1.7601651341715 0.76605696842679
1620983805398494 13 Truck-head 1 7.2750261289311 -32.844580158334 1.9053949386705 6.0021850682973 3.1531204974573 3.3526592152999 0.80604992914899
1620983805398494 14 Truck-traile 1 -7.8900085803595 -34.349924769822 0.99083195436467 13.047309902575 3.1530036169414 1.8882391352457 -2.3597291474989
1620983805398494 15 Truck-head 1 -13.98656191487 -39.536998270754 1.5698448402679 6.5419812760609 3.0373227891037 3.0419053401481 -2.5601774907139
1620983805398494 16 Truck-traile 1 -13.327442589613 -32.286468292956 0.93770152818812 12.878195963745 3.2369486373034 1.9148296175493 -2.3204268537568
1620983805398494 17 Truck-head 0 -17.716369791888 -37.452494991851 1.7196752013533 5.8240534690649 3.0299158055509 3.4772121461879 -2.2736967916341
1620983805398494 18 Truck-traile 1 -13.811948224395 -27.04321551667 0.99341641412732 12.616007055947 3.0458035254326 1.9029472227175 -2.3505556672663
1620983805398494 19 Truck-head 1 -18.64106920046 -31.979404975774 1.9737862106749 6.2360523348288 3.1295122232117 3.8144138007541 -2.3402641298204
1620983805398494 20 Truck-traile 1 -17.017150698454 -23.121874342422 1.0260463336346 12.840835158262 3.0572499181047 1.779428323545 -2.321807069648
1620983805398494 21 Truck-head 1 -21.301175032233 -27.891439945936 1.8242544466232 6.265507054828 3.1896639763193 3.4687705637702 -2.3227506175953
1620983805398494 22 Car 0 -11.31303753957 -15.13612858733 0.9204841084639 4.7320984603825 2.0761476652756 1.7761482836879 0.65600981346706
1620983805398494 23 Truck-head 1 -32.258712555073 -7.1033508197615 1.6770172021138 6.1585526858731 3.1813542068557 3.2449773931898 -0.83187901816037
1620983805398494 24 Truck-head 0 -27.251453307077 -1.3272965894575 1.6678920620188 6.2181641816074 3.0122107428984 3.3185023371709 -0.72661091300153
1620983805398494 25 Truck-traile 1 -26.775163365079 4.6046559807736 1.03416892255 12.513014677583 3.2050979779859 1.9125862330828 -0.65097886657354
1620983805398494 26 Truck-head 1 -21.193018841805 0.67192797776715 1.7421391504206 6.1834368344089 3.3407873675502 3.2885956754206 -0.69526527792899
1620983805398494 27 Truck-traile 1 -14.501156142809 -2.1202540565263 0.98974583050303 12.604694119802 3.0571391207166 1.8245485120557 -1.0520193628461
1620983805398494 28 Truck-head 1 -10.887960339306 -7.8832917023605 1.7665780800365 5.7587962154956 3.0138661302121 3.4054039033178 -1.0036642679064
1620983805398494 29 Truck-traile 1 -14.770590523561 16.466553053451 0.96358398995793 13.357043007985 3.0695559148267 1.7937495726702 1.9443761940648
1620983805398494 30 Truck-head 1 -17.568348033695 22.968145484253 1.6325861333751 6.0994193556681 3.1756868466112 3.3722765605209 2.0864329683762
1620983805398494 31 Truck-traile 1 -7.8103826422465 23.789789442422 0.9039080921168 12.938647813023 3.1129755576453 1.7806338076051 2.1119965132919
1620983805398494 32 Truck-head 1 -11.412960660856 29.553232622298 1.5807319396141 6.2352273348437 3.4095196016206 3.3076429956205 2.106184886149
1620983805398494 33 Truck-traile 1 -3.9760053958295 24.498199814122 1.0067850527439 12.780921162603 3.220255471195 1.9301064144193 2.1246630131876
1620983805398494 34 Truck-head 1 -8.0860721985272 31.307916769764 1.4878540989025 6.2724418772007 3.2755035209908 3.1793268385851 2.106587349308
1620983805398494 35 Truck-traile 1 -0.96158709277032 28.041710396563 0.94687817033673 12.288681531534 3.4381875602742 1.8442422971516 2.1109906390594
1620983805398494 36 Truck-head 1 -5.007399537984 34.825703829335 1.6661697303034 6.4199237836674 3.3179072652013 3.3218944556666 2.0687978379593
1620983805398494 37 Truck-traile 1 1.9849192293942 31.888182778212 0.89835940939905 13.08947412118 3.290147632964 1.7883272046288 2.1332264574724
1620983805398494 38 Truck-head 1 -2.1431494334815 38.883263315991 1.6402209847549 6.6378643779904 3.2201560095392 3.2511971108078 2.09401048093
1620983805398494 39 Truck-traile 1 4.272309237357 36.715397220927 0.8511320770246 12.878798197587 3.1035399032827 1.7593372470475 2.0685843066059
1620983805398494 40 Truck-head 0 0.87803603423759 42.473390901331 1.5048286050819 5.8011357815856 3.1649030967 3.1180281541587 2.068099973389
1620983805398494 41 Truck-traile 0 6.9642248717081 40.47383378886 0.80147667565119 12.985620237367 3.1496810365427 1.7329126572877 2.0765394576114
1620983805398494 42 Truck-head 0 3.7652427715576 45.979068566824 1.3240921673653 5.8696705150033 3.1428885380255 2.8118490022319 2.0486666881403
1620983805398494 43 Truck-traile 1 11.362969841443 42.074568456462 0.86090258515089 12.272238666803 3.2393860896364 1.9290052229008 2.124917439157
1620983805398494 44 Truck-head 0 7.7919921339199 48.204545862819 1.5653204220281 6.2704666300975 3.0635029708537 3.303238556374 2.068619341194
1620983805398494 45 Truck-traile 1 14.162474377847 45.843747983285 0.84266140280714 12.150860859852 3.4386750036154 1.91027904815 2.135128837225
1620983805398494 46 Truck-traile 0 16.757643702854 49.632832731171 0.80333390648479 11.990104122705 3.0638417473306 1.9606061810742 2.0177903286988
1620983805398494 47 Truck-traile 0 20.673806168633 52.763111590718 0.79484078707714 12.116081603434 3.0138922271346 1.7854006972837 2.0126797259966
