1620983504798001 1 Ego-head 1 1.9426387630663 -0.010832409640659 1.5741128593113 6.1210971246325 3.4685434076763 3.1216016393931 -0.018745062795797
1620983504798001 2 Ego-trailer 1 -5.048151437736 0.018416921544436 0.92614085469118 12.498460740222 2.8473763883085 1.8834779717219 -0.0089265501919801
1620983504798001 3 Truck-traile 0 81.583547164729 -5.6814798439282 2.0972043508639 12.397292611502 3.1867888089555 4.2779044711082 -0.013123967931218
1620983504798001 4 Truck-head 0 89.464216504342 -5.5714219355688 1.9058141133506 6.8684679346074 3.0054196029937 3.9104869760474 -0.031016116150292
1620983504798001 5 Truck-head 1 69.685241666072 23.463364280456 1.8067578949391 6.2386860489133 3.1404582157195 3.4563067827296 -1.8834466260683
1620983504798001 6 Truck-traile 1 71.824447668933 30.273223482411 1.0356999656181 12.859323260424 3.1826862758582 1.8505722691954 -1.8965912575408
1620983504798001 7 Truck-traile 0 77.412722851948 30.961177093409 1.0565470300835 13.314141892598 2.9096998894984 2.2932105524453 -1.9156897766425
1620983504798001 8 Truck-head 0 79.611792681031 23.564596745271 1.8806898582959 6.3195445789871 3.2148253251953 4.215143701912 -1.884482038237
1620983504798001 9 Truck-head 0 84.5376102511 23.305092133155 1.890342585018 6.2326030030134 2.8785156957465 4.2016587001804 -1.8726761968076
1620983504798001 10 Truck-head 0 98.35634688374 24.284930552183 1.7345520015417 6.1685939331455 3.0861072448799 4.5502863218609 -1.8598237575191
