1620983832398859 1 Ego-trailer 1 -4.3281359013449 2.2824113412068 0.9669172922402 12.297616121869 3.0530689847729 1.8215070425533 -0.49419246268652
1620983832398859 2 Ego-head 1 2.0026108788058 0.0038882375260701 1.6588741323197 5.8239120456128 3.1788407456518 3.316142118113 -0.027736413690592
1620983832398859 4 Car 0 3.9507109834984 -40.235247055971 0.87964561969714 4.7292847289488 2.3104840762801 1.5736370835775 -1.4342831504143
1620983832398859 5 Truck-traile 1 74.958839639627 -20.489883218485 0.51535190360971 12.664296353906 3.1768832638564 1.8664362754507 0.099160797336249
1620983832398859 6 Truck-head 1 81.269245186319 -20.213661780007 1.3256876341623 6.4866530412637 3.4532919900467 3.3085084643851 0.039684332313393
1620983832398859 7 Truck-traile 1 57.940343631586 30.438449560063 0.51900598153228 13.260691048738 3.1302265896328 1.4571331556828 1.3867928014535
1620983832398859 8 Truck-head 1 72.906434959433 38.314649738507 0.98817321943542 6.1483138724612 3.1678236521571 3.0930896183544 1.3400669941557
1620983832398859 9 Truck-traile 1 39.599740049189 29.182297960406 0.59902039651891 12.957118916844 3.4853538944488 1.6846508281365 1.3494984562588
1620983832398859 10 Truck-traile 0 22.245798055798 -39.956264943147 1.091567934923 12.843853119025 3.2700486118854 1.6159126218782 -1.4787997708166
1620983832398859 11 Truck-head 0 22.829539428248 -46.854841575176 1.9338223093398 6.0988658084377 3.3797447356965 3.2466184909653 -1.472360380054
1620983832398859 16 Truck-traile 1 -33.850134075365 -31.200073485013 1.4330167575629 13.089311793702 3.2369486373034 2.0138926634243 0.091032983005067
1620983832398859 17 Truck-head 0 -25.775045073166 -30.423274556334 2.2098092067125 6.1600565538187 3.0299158055509 3.6510727534973 0.16805873090019
1620983832398859 18 Truck-traile 1 -34.468731806204 -27.346172617129 1.3287858191837 12.762669025757 3.072813420112 1.791157421032 0.056362434832776
1620983832398859 19 Truck-head 1 -27.237475697999 -26.747397287608 2.0122276291773 6.0310314361495 3.1295122232117 3.3787443910606 0.041844933967945
1620983832398859 24 Truck-head 0 -46.922311694171 -17.969684811925 1.701161680485 6.0985841011919 3.0093114908889 2.9124547842049 3.0496849927869
1620983832398859 25 Truck-traile 1 -39.416869904374 -17.789165851683 1.2153541202402 12.550889756147 3.263140348455 1.9686334722505 -3.082721459519
1620983832398859 31 Truck-traile 1 -10.856394544685 25.159676676087 0.9039080921168 13.14674905229 3.023424205987 1.7806338076051 1.2285417920807
1620983832398859 32 Truck-head 1 -8.6909030688814 31.80808746421 1.6558960397058 6.1444794096286 2.9709733601719 3.391325386123 1.3580694249125
1620983832398859 33 Truck-traile 1 -0.94967881241693 25.927257836992 0.93476809381083 12.991061010872 3.0814529094999 1.7860724965532 1.3940548826229
1620983832398859 34 Truck-head 0 0.32184063944399 32.498062489621 1.7069599452979 6.143556126069 3.2822214815382 3.4113212641802 1.4052493135786
1620983832398859 35 Truck-traile 1 2.5987735538281 24.66057442072 1.0731317477155 14.381939991851 3.1556438678803 2.0967494519091 1.3829623537871
1620983832398859 36 Truck-head 1 3.9767097704127 32.231320100155 1.5303862730034 6.735113248768 3.2088253825098 3.0503275410665 1.3944430529874
1620983832398859 37 Truck-traile 1 7.1099340839972 24.851061903389 0.89835940939905 12.981889436487 3.1962339553507 1.7883272046288 1.353091027459
1620983832398859 38 Truck-head 1 8.6838437738863 33.263030891717 1.7084182215151 5.9435230868995 3.1051957740386 3.4967071631444 1.3562418071866
1620983832398859 39 Truck-traile 1 11.997975155489 26.141397643499 0.87664062417487 14.326302189091 3.1800655447335 1.810354341348 1.3703722786404
1620983832398859 40 Truck-head 0 13.423574735388 33.781164594264 1.6359501672684 5.8011357815856 3.1649030967 3.3802712785317 1.3826696260204
1620983832398859 42 Truck-head 0 18.073644000264 34.117301242317 1.4688237691051 5.6908183046204 3.1428885380255 3.1013122057115 1.4026312468138
1620983832398859 43 Truck-traile 1 21.188468977181 28.00332358071 0.75133851144174 11.898834887035 3.4302970187377 1.7098770754825 1.3784761353122
1620983832398859 44 Truck-head 0 22.404223738182 34.33239502051 1.3349656593777 6.7085403261728 3.1042278297679 2.8951510915052 1.363514580961
1620983832398859 45 Truck-traile 1 25.612100018908 27.207125936794 0.81439832058564 12.800016440036 3.1392411982715 1.853752883707 1.3610320975918
1620983832398859 46 Truck-traile 0 30.173301857417 28.331037083887 0.69556762817373 13.271238535816 3.4024082184222 1.7450736244521 1.3390634156457
1620983832398859 47 Truck-traile 0 34.907323544172 29.210666151293 0.72934843956313 12.703685575816 3.1741957761792 1.9163853923117 1.2448199234432
1620983832398859 48 Truck-head 1 76.76590613937 -8.3808066476756 1.2030511828504 6.0692040465282 3.5802679661749 3.3031640446941 -0.012904640797647
1620983832398859 49 Truck-traile 1 69.780096268034 -9.3497736126044 0.68036071690033 11.604530322083 3.6237875766318 1.9346595988295 0.076457811352247
1620983832398859 12 Car 0 0.53504210774683 -34.961783406085 0.83359126325916 4.6042555216496 2.0147273063632 1.4827829824413 -1.4116047857793
1620983832398859 50 Truck-traile 1 -42.087389112573 -12.687081652484 1.2312265374855 12.410071744446 3.131375877242 1.9418940081838 -3.0107829997879
1620983832398859 51 Truck-traile 1 -39.265506603764 -8.5020014810356 1.191823816389 12.499028892711 3.1478557589478 1.8552390925848 -3.0699136690632
1620983832398859 52 Truck-head 0 -46.053714387691 -8.9702999931613 2.3186583314981 5.9492170586069 3.1940018439365 3.879613231073 -3.0969372213983
1620983832398859 53 Truck-traile 1 -39.095810330992 -3.5408000713125 1.2581387864077 13.045921150847 2.7641463523199 2.0174925697603 -3.0563222702285
1620983832398859 54 Truck-head 0 -45.771609415728 -4.3442658998429 1.986433561829 5.6865728282483 3.2758180484015 3.3381287220831 -3.0694320881375
1620983832398859 55 Car 0 -29.275963670619 -1.2842316919016 1.0594282780045 4.7611015074249 1.9408629951997 1.8967392116417 0.057138640951828
1620983832398859 22 Truck-traile 1 -23.015287866886 11.035494016097 1.139978962047 13.052143563257 2.9723686674884 1.9370453097197 -1.7537781640397
1620983832398859 56 Truck-head 0 -24.209849892141 4.0260164640771 1.938436099602 5.8351303484355 2.8603676039965 3.5486878341593 -1.7463508211513
1620983832398859 57 Truck-traile 1 -27.708472852851 24.476478887086 1.1962096066563 12.849115426763 3.0681529463984 1.9160796933264 -1.3793179965766
1620983832398859 58 Truck-head 1 -26.18266745207 17.593551686484 1.9168928487515 6.1145009358119 3.0984696985208 3.4031400981262 -1.4294030204253
1620983832398859 59 Truck-traile 1 -33.086617554208 26.683629017962 1.2239141316569 12.450078377936 3.2838000090127 1.9015044771102 -1.4467610455108
1620983832398859 60 Truck-head 0 -32.122888414445 19.677813654765 1.9863353082776 6.0119685789749 3.2098325817517 3.3958496280799 -1.4388979970022
1620983832398859 61 Truck-traile 0 -39.435670186403 25.766250204172 1.165169835934 12.549203650822 3.358002239016 2.1232748134357 -1.6245481474694
1620983832398859 62 Truck-head 0 -39.742562536543 18.542027065876 1.8563483312954 5.9001648197072 3.1405790623609 3.5376433569903 -1.5420047516439
1620983832398859 64 Truck-traile 1 16.585002298217 26.886653407899 0.77720755770074 11.647655232652 3.0908233428441 1.7354106589772 1.3661839254621
1620983832398859 65 Truck-head 1 26.974726746456 34.188501464251 1.4885096323974 6.0454698002755 3.2348308788196 3.2202387947227 1.3778786119518
1620983832398859 66 Truck-head 0 31.504369325118 35.389145708221 1.5759178558523 5.9406077237121 3.2321322581402 3.6811052997098 1.4374825099175
1620983832398859 67 Truck-head 0 36.729313769023 35.903129776965 1.3377756878031 6.0101757644896 3.3527884026985 3.1263106267568 1.3538336342207
1620983832398859 68 Truck-head 0 40.978211135131 35.978455129789 1.5673337238936 6.2506490149142 3.2106206890759 3.56676506752 1.3871007962305
1620983832398859 69 Truck-traile 1 43.894537346999 29.451381597771 0.63488880999609 13.076500774003 3.1452152643043 1.635121072769 1.3871959801711
1620983832398859 70 Truck-head 0 45.303190733505 36.416278056205 1.3016264109107 6.2964453710035 3.2156065699873 3 1.3393168220394
1620983832398859 71 Truck-head 0 59.276365501201 38.290550097881 1.4325640936896 5.1020277684071 3.0514004879023 3.2955947021534 1.3751898897017
1620983832398859 72 Truck-traile 1 71.530187123527 31.832682198345 0.32053663048179 12.532533428525 3.3217676886815 1.700893827596 1.3511167842392
1620983832398859 73 Truck-traile 1 75.65068889087 30.575365499228 0.26376351335926 12.45804791862 3.2836241588182 1.6040688356888 1.364442816773
1620983832398859 74 Truck-head 0 77.104565941069 38.061740284803 0.94685132399285 6.3054416932195 3.3157993183327 3 1.362327582581
1620983832398859 75 Truck-traile 0 84.551505653298 33.606765319146 0.0025554693402154 13.235846751028 2.9920000257188 2.1226602514663 1.3708544685072
1620983832398859 76 Truck-head 0 86.02351323436 40.20570721007 0.78953978211179 6.274368859922 3.1079726825965 3.6228422289006 1.348511958218
1620983832398859 77 Truck-traile 0 89.38333513371 32.220383029372 -0.12221371570779 11.986795832575 3.3059324359732 2.0540966526725 1.3644752897245
1620983832398859 78 Truck-traile 0 92.324685511081 8.3084591688027 0.0061664934791599 12.364872883083 4.0123043567124 1.9465856866492 0.080522642022828
