1620983785498602 1 Ego-head 1 1.9426387630663 -0.010832409640659 1.5741128593113 6.1210971246325 3.4685434076763 3.1216016393931 -0.018745062795797
1620983785498602 2 Ego-trailer 1 -5.048151437736 0.018416921544436 0.92614085469118 12.498460740222 2.8473763883085 1.8834779717219 -0.0089265501919801
1620983785498602 3 Truck-traile 0 41.093126564321 -4.8286142908344 2.0231636965563 12.778747768779 3.0727535447996 4.1298231624929 -0.013123967931218
1620983785498602 4 Truck-head 0 48.673097004508 -4.5162995379118 1.7737281915312 6.736382012788 3.0054196029937 3.6463151324087 -0.031016116150292
1620983785498602 5 Truck-head 1 29.102400999895 24.155790347904 1.6427968566499 6.2386860489133 3.2877622508663 3.4429110375066 -1.8834466260683
1620983785498602 6 Truck-traile 1 31.190582723471 31.001118866853 0.88047799237375 12.660536384579 3.1662078705838 1.963180473216 -1.8965912575408
1620983785498602 7 Truck-traile 0 36.932856931647 31.823607602296 0.92338449137786 13.359796854004 3.0577282229455 1.9244689989371 -1.8848990854142
1620983785498602 8 Truck-head 0 39.192003505163 25.170257728397 2.0173205050975 7.4653573443022 3.2148253251953 4.2012758668881 -1.884482038237
1620983785498602 9 Truck-head 0 43.858500959142 24.447482906157 1.9862287850644 6.5546515575922 3.1435268943789 4.2016587001804 -1.8124982135006
1620983785498602 10 Truck-head 0 54.020594511208 28.033655244226 1.6277878757757 6.2007061409597 3.0861072448799 3.5300957867638 -1.8844768041577
1620983785498602 11 Truck-traile 0 41.476465208466 31.663584970821 0.8864959482322 12.49782425592 3.1125965842525 1.9250225728972 -1.9412580645308
1620983785498602 12 Truck-head 1 57.812633641089 25.151828176105 1.8000664890826 6.3214263066097 3.1005200899311 3.8753459011419 -1.9364055317906
1620983785498602 13 Truck-head 0 62.412098073289 26.43999291372 1.2772135473887 6.2516541975783 3.0720359869341 2.8396201323936 -1.9453853614095
1620983785498602 14 Truck-head 0 67.322908490718 24.83968272339 1.4876301538405 6.2624678612222 2.9277390579045 3.220799663114 -1.9235124225829
1620983785498602 15 Truck-head 1 85.114974190575 24.727568258249 1.5464621394467 6.4357958729403 3.0431553462748 3.5107189524722 -1.8946653135459
1620983785498602 16 Truck-head 0 94.300771331221 23.661499172139 1.2913766846411 6.2529849117174 3.0857367345475 3.138958104645 -1.8930142700137
