1620983837798369 1 Ego-head 1 1.2449264153937 -0.003307475100353 1.6709929378055 7.4471154617249 3.5032176660333 3.3060458408928 -0.013890817420647
1620983837798369 2 Ego-trailer 1 -4.3367165631326 -4.0820075945448 1.0175273624047 11.880456402893 3.133310460044 1.9547529722274 0.71971529537717
1620983837798369 3 Truck-traile 0 29.28852392139 13.731755351595 0.97379333417451 13.113247927907 3.2450760503775 1.837630339227 0.16377866340937
1620983837798369 4 Truck-head 1 36.360595348257 14.886753621847 1.7544830027388 6.143344548901 3.3536049526223 3.4243347468144 0.17712861531933
1620983837798369 5 Car 0 30.797355103529 -4.4403265961692 0.81279197378738 4.5521584492138 2.2504470155552 1.4430428403785 0.19286966959345
1620983837798369 6 Car 0 25.872380047149 -8.30565106451 0.84039422527765 4.6899363543621 2.1271264032477 1.5694207981016 0.19490053982435
1620983837798369 7 Truck-traile 0 24.34166888645 -41.172561047349 1.3750672454259 12.113726143891 3.1974034217209 1.7985805210494 1.7006457803064
1620983837798369 8 Truck-head 1 23.17355852716 -34.36492568619 2.244125787419 6.1583595743583 3.3907016893373 3.6397222347633 1.8010839852629
1620983837798369 9 Truck-traile 1 20.66300844251 -43.232982519309 1.2239228457281 12.110574900633 3.0067822726217 1.6710501565011 1.6945328103349
1620983837798369 10 Truck-head 1 19.758419529647 -36.431945534135 2.0460945420436 5.8132525811303 3.4941290354312 3.2788832601724 1.7372057274493
1620983837798369 11 Truck-traile 0 11.928267036403 -49.002129699846 1.1935437855902 11.967794677463 3.2677629258858 1.7086973023742 -1.4289070166946
1620983837798369 12 Truck-traile 0 6.782067048783 -52.182100758245 1.1006158302269 12.117036239536 3.4517243813424 1.6646801369447 -1.4105208842515
1620983837798369 13 Truck-traile 0 2.6503824499413 -49.536917764072 1.2393061846638 12.021710551688 3.2116624582474 1.7999097951333 -1.4220353751049
1620983837798369 14 Truck-traile 0 -2.5888096051985 -49.320687720612 1.2190865247096 12.0421036004 3.5395724334925 1.6617506963782 -1.3931644273353
1620983837798369 15 Car 0 -5.2430457429132 -40.734802044643 1.1062324744604 4.6274532147845 2.557737368701 1.7841337574904 1.6505366161464
1620983837798369 16 Truck-traile 1 -18.277531983533 -35.661541810658 1.1734980924527 12.27403273756 2.9644389721334 1.7785184274154 -0.091871517997762
1620983837798369 17 Truck-head 1 -10.850517980021 -36.232415370987 1.9669283312211 5.8605408474391 3.1570986858844 3.5217630348525 -0.086505332326443
1620983837798369 18 Truck-traile 1 -30.556907886026 -41.458817102873 1.2698411490932 12.024650235923 3.4934501256969 1.7733682698599 0.27119114885014
1620983837798369 19 Truck-head 1 -24.087464341319 -39.600570692572 2.0803452870097 6.112019832514 3.605719308299 3.3999326235062 0.29232299452705
1620983837798369 20 Truck-traile 1 -33.071531705183 -24.938047356408 0.95058259670247 13.578392991686 3.0902997350034 1.9235327806477 2.871098272975
1620983837798369 21 Truck-head 1 -39.723328046779 -23.327949472949 1.666151993983 6.216861653736 3.108817269606 3.3817463287053 3.0125106427352
1620983837798369 22 Truck-traile 1 -33.952675044416 -15.19980929709 0.91385150084001 11.817241632624 3.0259770175007 1.7310748351553 3.0355756498333
1620983837798369 23 Truck-head 0 -41.428007223498 -14.522368112393 1.741139618224 6.1352224507347 3.085696328158 3.3025589153787 3.0386662845401
1620983837798369 24 Truck-traile 1 -33.150203696206 -11.443883724785 0.98120942441221 13.016447551612 3.2824049755688 1.8936856533757 3.0713005906216
1620983837798369 25 Truck-head 0 -41.142593096997 -10.834229956009 1.579718591857 7.0787582826426 3.116160927882 3.0581815749258 3.0251171532608
1620983837798369 26 Truck-traile 0 -34.311410644463 -6.9996022376468 0.95152127749059 12.819730610715 3.4308048111618 1.7441170931762 3.0141242281335
1620983837798369 27 Truck-head 0 -42.304499064231 -6.2729077356755 1.6508229022638 6.7195978741899 3.0103226182713 3.3657909480811 3.052982753776
1620983837798369 28 Truck-traile 1 -35.81867054044 -2.2696169534544 0.95068256990164 13.876427849391 3.2561140542495 1.8546447115056 3.0304062337598
1620983837798369 29 Truck-head 0 -43.257811378425 -1.5934119081612 1.5990483341957 6.1852396181014 3.0748234165268 3.596943024849 2.9750630676875
1620983837798369 30 Truck-traile 1 -37.45276928093 3.2009470105395 0.78821596383977 12.74193208337 3.2993258114519 1.6796395856225 2.9768307133626
1620983837798369 31 Truck-head 0 -44.690306520061 4.2213439292878 1.2710500316835 6.3983425436367 3.3237077149348 3.0536088764454 2.984478510741
1620983837798369 32 Truck-traile 1 -38.810749246007 7.6644727366475 0.6811201931128 12.876882164693 3.3297694868839 1.6852691590337 2.9885798626481
1620983837798369 33 Truck-head 0 -45.140501346667 8.5987368088472 1.2629284516888 5.9486510355975 3.2283817017294 2.9266604666844 3.0155591214927
1620983837798369 34 Truck-traile 1 -37.248664143977 12.166224577201 0.69011749728126 12.12716848933 3.1372787711291 1.5565848595837 3.0156907554287
1620983837798369 35 Truck-head 1 -44.705579619711 13.146800715915 1.4851969547902 6.120233885484 3.1190986942112 3.5150597802788 3.0314790877193
1620983837798369 36 Truck-traile 0 -38.850173109564 16.674660539193 0.62252355001119 12.251009087078 3.0904762258987 1.763519670045 2.9808185503075
1620983837798369 37 Truck-head 0 -46.184068955492 17.589700170549 1.5939758699992 6.2230664346628 3.31133420916 3.7314815149202 3.0964760687479
1620983837798369 38 Truck-traile 1 -40.267847586931 21.185803302738 0.61315177417886 12.078173302127 3.195611828995 1.7253798867185 2.9126923431867
1620983837798369 39 Truck-head 0 -47.178496649195 22.732432674779 1.4132083193759 6.0170579738858 3.0474623368248 3.3337274953465 3.0284918571392
1620983837798369 40 Truck-traile 1 -40.219345920111 25.905752559206 0.56846496824517 11.9367854007 3.0861486148355 1.708702445916 2.9514948672579
1620983837798369 41 Truck-head 0 -47.123016831657 27.068040024058 1.4845186682314 6.2555559190854 3.1635600920439 3.6189845968901 3.0010250679893
1620983837798369 42 Truck-traile 0 -41.39710707489 30.256576715934 0.51783822945164 12.918987245902 2.9946062066509 1.7141770199111 3.0076434128955
