1620983799498171 1 Ego-head 1 1.9426387630663 -0.010832409640659 1.5741128593113 6.1210971246325 3.4685434076763 3.1216016393931 -0.018745062795797
1620983799498171 2 Ego-trailer 1 -5.048151437736 0.018416921544436 0.92614085469118 12.498460740222 2.8473763883085 1.8834779717219 -0.0089265501919801
1620983799498171 4 Truck-head 0 91.342776708145 8.8874867155996 1.9162285802633 5.9788561459123 3.3163294434658 3.9313159098728 3.1405341604729
1620983799498171 5 Truck-head 1 29.945081913227 23.75274081146 1.7418395029343 4.9132371316516 3.328296306014 3.2448257449377 -1.8834466260683
1620983799498171 6 Truck-traile 1 32.381144251848 30.787311020269 1.0887050077992 12.600350271761 3.0115098891119 1.858904051848 -1.9028822411374
1620983799498171 7 Truck-traile 0 36.866509274894 32.023094950264 1.1649994779036 12.142887983299 3.3071998022325 2.2098848722805 -1.8848990854142
1620983799498171 8 Truck-head 0 39.670128269983 25.7529382317 1.8025636499874 6.1077590180539 3.2802764551615 3.4036075479079 -1.884482038237
1620983799498171 9 Truck-head 0 44.279641759786 26.048556495283 1.9436094049798 6.4733078630714 3.1965362264681 3.5865374309081 -1.8719445439491
1620983799498171 10 Truck-head 0 48.889652413891 25.477422953955 1.8832397478317 6.3026355569755 3.4518743723662 3.6307685387465 -1.9341327913235
1620983799498171 12 Truck-head 1 53.748723034127 26.054562445586 1.9169695783144 6.1408581864385 3.1005200899311 3.6415397226783 -1.9364055317906
1620983799498171 13 Truck-head 0 58.482724135556 26.152892504144 1.8938150572868 6.2259624679992 3.2017693263028 3.5076051014499 -1.9375654573872
1620983799498171 14 Truck-head 0 62.373082330119 24.961443450757 1.7578599314138 6.2624678612222 2.9652264802368 3.0406464780651 -1.9235124225829
1620983799498171 15 Truck-head 1 72.502609892215 27.321023101649 1.6622427655776 6.1547204562101 3.0431553462748 3.1280190818088 -1.8657002444723
1620983799498171 16 Truck-head 0 76.807871271543 26.738223918602 1.7924720508541 6.1501961512391 3.2493813338273 3.4730216821203 -1.8930142700137
1620983799498171 3 Truck-traile 0 98.549613008531 8.6320956512993 2.2034610089132 12.425534677266 3.3238350274876 4.5445227763695 3.1055157359099
1620983799498171 17 Truck-traile 1 52.082344962421 -12.482387692227 0.8847689686324 13.112611149132 3.237984374769 1.8023031258586 -0.0038376988687712
1620983799498171 18 Truck-head 1 58.926447367259 -12.536448072827 1.6413400717258 5.6781449551574 3.3333331958623 3.3524753779295 0.0055829109032144
1620983799498171 19 Truck-traile 1 -22.780545846725 -5.5706234808496 2.1003461865042 12.683559760253 3.1030872064054 4.1425788572317 -0.0060632810496027
1620983799498171 20 Truck-head 1 -15.016103948414 -5.2927509575059 1.8000996469188 6.6863510328732 3.0820429222687 3.5513549651898 -0.0095013415447148
1620983799498171 21 Truck-head 1 -34.954169851524 23.323404204782 1.9278680410503 6.1965587616454 3.1259515530517 3.2740492818418 -1.8718274424735
1620983799498171 22 Truck-traile 0 -33.001591748414 29.792365498489 1.2595455796514 11.998896756827 3.1016371997386 1.8573408734275 -1.86150217822
1620983799498171 23 Truck-head 0 -25.14361007973 23.894065551714 2.2601001701765 6.2978455836583 3.0510553441658 4.0740114494344 -1.8211840527366
1620983799498171 24 Truck-traile 0 -22.546723872802 31.432930714185 1.2889237613074 12.737732418154 3.3206744902578 1.987529204191 -1.8933180412433
1620983799498171 25 Truck-head 1 -19.836093367256 24.700337012411 2.322920379543 7.9544583423905 3.1883735714848 4.0671941764611 -1.8317203525796
1620983799498171 26 Truck-traile 0 -18.324626034867 30.638214658404 1.3311820888034 12.054388483657 2.9354109660041 2.0136446094208 -1.8528561072371
1620983799498171 27 Truck-traile 0 -13.224687881268 32.248710279526 1.3099595786964 12.953741261522 3.1616180836463 1.853449058523 -1.9331425151173
1620983799498171 28 Truck-head 0 -9.9827138489631 27.698901915314 1.9604240918869 6.0804705629694 3.0885364740553 3.3697827290717 -1.9154620458556
1620983799498171 29 Truck-traile 0 -7.6478906303442 34.087413305386 1.2834436787126 11.965749607059 3.1281279509646 2.1436779084307 -1.9108012920839
1620983799498171 30 Truck-head 1 -6.260121760535 25.03048736935 2.1595608104686 6.1737866278439 3.0927790606671 3.9280857355437 -1.8831037087037
1620983799498171 31 Truck-traile 0 -4.3029312390564 31.962541798187 1.1179445138686 12.82983414746 2.9763591392345 1.9967467501328 -1.8819862379992
1620983799498171 32 Truck-head 1 -1.8140293312909 26.136224734143 1.7702990134921 6.2061378943098 2.8923027637851 3.1415456050854 -1.8674419103197
1620983799498171 33 Truck-traile 0 0.64863331441495 33.451643570861 1.2272478143922 14.309122708011 3.2172719247543 2.0627846259597 -1.8829733861567
1620983799498171 34 Truck-head 1 3.0833366117665 24.570487172887 1.8892719762547 5.846313893522 3.0528323967118 3.466045413327 -1.8862476468151
1620983799498171 35 Truck-traile 1 5.198465764023 31.659701875028 1.1082163247425 13.000943899677 2.961030185968 1.8790417634277 -1.8932274899509
1620983799498171 36 Truck-traile 1 9.3506563897404 31.534769174667 1.2745126608944 14.363389194515 3.2437621465868 2.1541813833188 -1.8973751208997
1620983799498171 37 Truck-traile 1 14.024010340503 32.320017873686 1.3003132579828 12.033705859611 3.0902379793816 2.0447907597574 -1.8824369595623
1620983799498171 38 Truck-traile 1 18.397164571572 30.902267419418 1.096153178271 12.405185507257 3.0925278001247 1.6464230642137 -1.9138544976261
1620983799498171 39 Truck-head 1 20.932431856914 25.199326050776 1.954761607298 6.3322651619413 3.3099196313194 3.7194806828556 -1.8758236011278
1620983799498171 40 Truck-traile 1 23.08533171867 32.102649561409 1.1934658069019 12.392775361536 3.1041450690891 2.016172429516 -1.8863777041264
1620983799498171 41 Truck-head 0 25.800800584791 26.502965454469 2.0524410983475 6.2177360725061 3.2433790243892 3.8005257523435 -1.8723059297077
1620983799498171 42 Truck-head 0 34.866556790416 25.62273487902 1.8048055807936 6.1483010723814 3.1839602421509 3.4558192558641 -1.8771174524484
1620983799498171 43 Truck-head 0 81.578570081339 27.244004975244 1.9103863750248 6.1897462058238 3.1027799464966 3.4139736327313 -1.8195960405325
1620983799498171 44 Truck-head 0 85.678869085924 25.784557124297 1.8029121126342 6.1576915940149 3.2735999817874 3.4003122998447 -1.8622150808125
1620983799498171 45 Truck-head 0 90.643175053009 27.282608513696 1.894963337871 6.2089786704204 3.1150193314509 3.3750389800925 -1.8000656506392
1620983799498171 46 Truck-head 0 94.785651137983 26.332716080322 1.8623431459259 6.1948676693881 3.2110524439658 3.4582504851328 -1.8354365067695
1620983799498171 47 Truck-traile 1 -8.8082911629136 -18.646400023722 1.4921297366138 12.905429638236 2.9294066007699 2.6771336350705 -1.5148689504594
1620983799498171 48 Truck-traile 1 -22.971294215139 -16.848164868876 0.95648034516015 12.764889166601 2.9839349816523 1.6225953334086 0.012894308326984
1620983799498171 49 Truck-traile 0 76.254232161659 -13.653706521802 0.8586630435458 12.826533938319 3.0113775455879 1.9501383822568 -1.67493775239
1620983799498171 50 Truck-traile 0 82.660667148118 -12.916084655539 0.94447285471635 12.926179174649 3.1324719118079 1.9820033012811 -1.5043449469176
1620983799498171 51 Truck-head 0 83.061841732455 -20.194895032746 1.5537878769195 6.0215267974865 3.1290897177152 3.308832404836 -1.4850536121771
